11686 11164 36561
293 36561
12682 1299 3549 36561
3277 3267 25462 36561
3549 36561
13237 174 36561
16150 36561
812 36561
2905 701 3356 36561
14608 19029 36561
5413 174 36561
2914 174 36561
3130 1239 36561
3356 36561
2914 174 36561
6939 36561
6762 3356 36561
7018 1239 36561
6453 3549 36561
6453 3549 36561
852 36561
286 174 36561
852 36561
1239 36561
1668 3356 36561
2497 36561
5511 3356 36561
6539 36561
8001 36561
1221 4637 36561
5056 1239 36561
701 3356 36561
1299 3356 36561
1280 3549 36561
12956 3549 36561
3130 1239 36561
2152 11164 36561
3561 174 36561
3549 36561
3257 3549 36561
286 174 36561
7660 2516 174 36561
1280 6461 3491 17557
12956 3491 17557
1280 6939 3491 17557
6939 3491 17557
2914 3491 17557
3549 3491 17557
2914 3491 17557
3130 2914 3491 17557
3130 2914 3491 17557
12956 3491 17557
293 3549 3491 17557
3561 3549 3491 17557
3549 3491 17557
3356 3549 3491 17557
1221 4637 3491 17557
13237 3320 3549 3491 17557
13237 3320 3549 3491 17557
286 3549 3491 17557
6762 3491 17557
13237 3320 3549 3491 17557
2497 3491 17557
293 3491 17557
1299 3491 3491 17557
8001 3491 17557
13237 3491 17557
1280 3549 3491 17557
2914 3491 17557
14608 4323 3491 17557
7018 3549 3491 17557
7018 3549 3491 17557
7660 2516 3491 17557
1299 3549 3491 17557
2905 701 3491 17557
11686 11164 3491 17557
3257 3549 3491 17557
6539 3491 17557
1299 3491 17557
2914 3491 17557
852 3491 17557
3549 3491 17557
5511 3549 3491 17557
852 3491 17557
286 3549 3491 17557
701 3491 17557
6453 3549 3491 17557
5056 701 3491 17557
1668 3491 17557
286 3491 17557
1239 3549 3491 17557
812 3491 17557
2152 11164 3491 17557
3130 2914 3491 17557
6453 3549 3491 17557
3356 3549 3491 17557
3356 3549 3491 17557
5413 3491 17557
7018 3549 3491 17557
12682 3213 3491 17557
14608 19029 3491 17557
6762 3491 17557
7018 3549 3491 17557
286 3491 17557
286 3491 17557
852 3491 17557
286 3491 17557
701 3491 17557
3277 3216 3549 3491 17557
16150 3491 17557
1239 3549 3491 17557
3356 3549 3491 17557
3277 3267 25462 3491 17557
1221 4637 3491 17557
7660 2516 3491 17557 17557
13237 3491 17557
13237 3491 17557
286 3491 17557
286 3491 17557
5413 3491 17557
286 3491 17557
13237 3491 17557
13237 3491 17557 17557
5413 3491 17557 17557
13237 3491 17557 17557
13237 3491 17557 17557
13237 3491 17557 17557
8218 6461 3356 49544 49544
8218 6461 3356 49544 49544
8218 174 3356 49544 49544
50628 3356 7303 265774
50628 3356 7303 10481
50628 3356 7303
50628 3356 7303 270077 270077 270077 270077 270077 270077
50628 3356 7303 265663 265663
50628 3356 7303 27895
50628 3356 7303 52339
50628 3356 6939 37662 327708 37133
50628 3356 7303 265651 265651 265651 265651
50628 3356 7303 265663 265663 263791
34019 8784 3356 49544 49544
50628 3356 7303 10481
50628 3356 7303 266754 271985 271985 271985 271985 271985 271985 271985 271985 271985
50628 3356 7303 264808
50628 3356 7303 52486 52486 52486 52486 52486 52486 52486 52486 52486 52486
50628 3356 7303 52415
50628 3356 174 16509
50628 3356 56630 57695 137940
50628 3356 7303 263774
50628 3356 7303 28034
50628 3356 7303 266754 271985 271985 271985
50628 3356 7303 52486 52486 52486 52486 52486 52486
50628 35280 2914 3356 26405
50628 3356 7303 52328 52328 52328 52328 266897
50628 3356 7303
50628 3356 7303 264767
50628 3356 7303 27983 27983 27983 27983 27983
50628 3356 7303 267864
50628 3356 7303
50628 3356 7303 27983
50628 3356 7303 52295 52295
50628 3356 7303 52279 52279 52279 52279 52279 52279 52279 52279 52279 52279 52279 52279 52279 52279 52279 52279 269823 269823 269823 269823 269823 269823
50628 3356 7303 262265
50628 3356 7303 263774 264754
50628 3356 7303 10481
50628 3356 7303 15034
50628 3356 7303 265686
50628 3356 7303 263741
50628 3356 7303 13585
50628 3356 7303 28103
50628 3356 7303 52371 52371 52371
50628 3356 7303 27940 27940 27940 27940 27940 27940
50628 3356 7303 263774 263774 263774 27983
50628 3356 7303 264753
50628 3356 7303 52279
50628 3356 7303 28048
50628 3356 6939 37662 37154
50628 3356 7303 269909
50628 3356 7303 265800
50628 3356 7303 27997 27997 27997 27997 27997
50628 3356 58552 38144
50628 3356 7303 263198
50628 3356 7303
50628 3356 7303 266754 271985
50628 3356 7303
50628 3356 12389 34434 34434 34434 34434 34434 34434
50628 3356 7303 269874
50628 3356 7303 27983
50628 3356 7303 265791 265791 265791
50628 3356 7303 264822
50628 3356 7303 52339
50628 3356 4809 9583 134858 134858 134858
50628 3356 397849
50628 3356 7303 136907
50628 3356 7303 27983 27983 27983 27983
50628 35280 6453 3356 3549 264328
50628 3356 7303 27949
50628 3356 7303 27895
50628 3356 7303 52468 52468 52468 52468 52468 272026
50628 3356 7303 264691
50628 3356 7303 265843
50628 35280 6453 3356 209 721 27064 2046 2046 2046 2046
50628 3356 7303 27875 27875 27875 27875 27875 27875
50628 3356 7303 264642
50628 3356 7303
50628 3356 7303 13585
50628 3356 7303 265729
50628 3356 6453 30844 37102
50628 3356 7303
50628 3356 7303 263766
50628 3356 7303 27983
50628 3356 7303 27895 27727
50628 3356 7303 267882 266794
50628 3356 7303 27827
50628 3356 7303
50628 3356 7303 27813
50628 3356 7303 265637
50628 3356 7303 27882
50628 3356 7303 265719
50628 3356 262509 267192
50628 3356 7303 52323
50628 3356 7303 13585
50628 3356 7303 27983
50628 3356 7303 263774 263774 263774 263774 263774 265661
50628 3356 3910 721 27065 367 531 1554 1585
50628 3356 7303 27994 27994
50628 3356 7303 263774 61490
50628 3356 7303 262229
8218 174 3356 8881 8881 8881 43243
50628 3356 7303 263221
50628 3356 7303 263774 264623 264623
50628 3356 7303 27813
50628 3356 7303 265737
50628 3356 7303 263739 263739 263739 263739 263739
50628 3356 174 8881 8881 43243
50628 3356 7303 267921
50628 3356 7303 61481
50628 3356 7303 22080 22080 22080 22080
50628 3356 6453 20485 28745 8369
50628 3356 7303 269909
50628 3356 7303 13585 13585 13585 13585 13585
50628 3356 7303 10697
50628 3356 7303 262174
50628 3356 7303 264691
50628 3356 7303 10481
50628 3356 7303 265879 265879 265879 265879
50628 3356 7303 13585
50628 3356 7303 52350 52350 52350 52350 52350
50628 3356 7303 264791
50628 3356 7303
50628 3356 7303 265663 265663 265663 265663 265663
50628 3356 7303 27797 27797
50628 3356 7303 266843
50628 3356 7303 263718 263718 263718 263718
50628 3356 7303 270105
50628 3356 7303
50628 3356 7303 52312
50628 3356 7303 264808 264808 264808 264808 264808
50628 3356 174 8100 394180
50628 3356 7303 267875
50628 3356 7303 52432 52432 52432
50628 3356 7303 27882 27882 27882 27882 27882 27882
50628 3356 7303 27813
50628 3356 7303 266786
50628 3356 15153
50628 3356 7303 27797
50628 3356 7303 52323
50628 3356 7303 263213
50628 3356 7303 27813
50628 3356 6849 49720
50628 3356 7303 28075
50628 3356 7303 266754
50628 3356 7303 263774 262229
50628 3356 4826 38062
50628 3356 7303 27983
50628 3356 7303 10481
50628 3356 7303 27983
50628 3356 7303 27983
50628 3356 16397 264094
50628 3356 7303 27971
50628 3356 7303 61509 61509 61509
50628 3356 7303 265663
50628 3356 7303 263774 270004
50628 3356 7303
50628 3356 7303 262229 262229 262229 262229 262229
50628 3356 7303 52296 52296
50628 3356 7303 267875 267875 267875
50628 3356 7303 52323 270021 265801 265801 265801
50628 3356 7303 7303 7303 7303 7303 7303 7303 7303 7303
50628 6453 3356 13904
50628 3356 7303 27983
50628 3356 7303 52328 52328 52328 52328 264652
50628 3356 7303
50628 3356 7303
50628 3356 7303 264767
50628 3356 7303 28048 265749
50628 3356 7303 263774
50628 3356 7303 27967 27967 27967 27967 27967
50628 3356 174 17557 140594
50628 3356 7303 263774 264754 264754
50628 3356 7303 27895
50628 3356 7303
50628 3356 7303 263766 263766 263766 263766 263766 263766 263766 263766 263766 263766 263766 263766 263766 263766 263766
50628 3356 19564
50628 3356 7303
50628 3356 7303 27983
50628 3356 7303 27983
50628 35280 6453 3356 3910 721 27065 367 531 1554 1555 1501
50628 3356 7303 264701
50628 3356 7303 27971
50628 3356 7303
50628 3356 7303 263774 263774 263774 263774 263774 267759
50628 3356 7303 263687 263687 263687 265798
50628 3356 46413
50628 3356 7303 267882 269847
8218 174 3356 209 721 27064 367 385
50628 3356 7303 264642 264642 264642 264642
50628 3356 7303 264791
50628 3356 7303 52496 52496 52496 52496
50628 3356 7303 52432
50628 3356 7303 263746
50628 3356 7303 27813 264848 264848 264848
50628 3356 7303 269762
50628 3356 7303 265630
50628 3356 7303 267882 266794
50628 3356 7303 52371 52371 52371 52371
50628 3356 7303 3573
50628 3356 7303 263809
50628 3356 6849 49720
50628 3356 7303
50628 3356 7303
50628 3356 7303
50628 3356 7303 27813
50628 3356 7303
50628 3356 7303 13316 13316 13316
50628 3356 7303 264691 27997
50628 3356 7303 262229 262229 262229
50628 3356 7303
50628 3356 7303 263687 263687 263687 263687
50628 3356 7303 263774
58308 29075 29075 3356 7303 52279
50628 3356 7303
50628 3356 7303 27981
204708 5511 3356 49920 49920
50628 3356 7303 52440
50628 3356 7303 264727 264727 264727 264727
50628 3356 7303 28117
50628 3356 7303 265630
50628 3356 7303 14551
50628 3356 7303 52279
50628 3356 7303 27882 27882 27882 27882 27882 27882
50628 3356 7303 27997
50628 3356 7303 6253 6253 6253 6253
58308 29075 29075 3356 7303 52296 52296
204708 50903 174 3356 209 721 27064 2046 2046 2046 2046
50628 3356 7303 263687 263687 263687 265798
50628 3356 7303 265637 265637 265637 265637 265637 265637 265637
58308 29075 29075 3356 7303 27983
58308 29075 29075 3356 7303 52279
58308 29075 29075 3356 7303 6253 6253 6253 6253
204708 5511 3356 49920 49920
58308 59689 30781 3356 17557 140594
58308 59689 30781 3356 174 205263
58308 29075 29075 3356 7303 264791
204708 5511 3356 37282 37565
58308 59689 8218 174 3356 3549 264328
58308 29075 29075 3356 7303 28103
58308 29075 29075 3356 7303 27983
58308 29075 29075 3356 7303 264791
58308 29075 29075 3356 7303 10481
58308 29075 29075 3356 7303 263766
204708 50903 174 3356 3549 264328
58308 59689 8218 174 3356 9002 8369
58308 29075 29075 3356 46413
58308 29075 29075 3356 19564
34177 3356 7303 15034
34177 3356 174 393857
34177 3356 174 393857
34177 3356 174 393857
34177 3356 7303 263766
34177 3356 6453 30844 37102
34177 3356 174 393857
34177 3356 7303 263766
34177 3356 6453 30844 37102
34177 3356 7303 263774
34177 3356 7303 27983
34177 3356 174 393857
34177 3356 7303 263766
34177 3356 6453 30844 37102
34177 3356 7303 263774
34177 3356 7303 27983
34177 3356 7303 52323 270021 265801 265801 265801
34177 3356 7303
34177 3356 174 393857
34177 3356 7303 263766
34177 3356 6453 30844 37102
34177 3356 7303 263774
34177 3356 7303 27983
34177 3356 7303 52323 270021 265801 265801 265801
34177 3356 7303
34177 3356 7303 267864
34177 3356 7303 263741
